2500
999
999
999
998
997
997
996
996
996
996
996
996
996
995
995
994
994
994
993
993
991
990
990
990
990
990
989
989
988
988
987
987
987
986
986
986
986
985
984
984
984
984
983
983
983
982
982
982
981
981
981
981
980
980
979
978
978
977
977
977
977
976
976
976
976
975
974
973
973
973
972
972
972
972
971
970
970
970
970
969
969
969
969
968
968
967
967
967
966
966
965
964
963
963
962
961
960
960
960
959
959
958
958
958
958
957
957
957
956
956
956
956
956
955
955
955
955
955
954
954
954
954
953
952
952
952
951
951
951
951
950
950
950
950
950
949
949
949
949
949
949
948
948
947
947
946
946
946
946
946
945
945
944
944
943
942
942
942
941
940
939
939
939
938
937
937
936
936
936
934
934
934
933
933
933
933
933
932
932
932
931
931
931
931
930
930
930
930
929
929
928
928
927
927
926
926
926
926
925
925
925
925
924
924
924
924
924
923
921
921
921
920
919
919
919
919
918
917
917
916
916
915
915
914
914
914
912
912
911
911
911
910
908
908
907
906
906
905
904
904
904
904
904
902
902
902
902
902
902
901
901
901
900
900
900
899
899
899
899
899
898
898
898
898
897
896
895
895
894
894
894
894
893
892
892
892
892
892
892
890
890
889
888
888
888
887
887
886
886
886
885
884
884
883
883
883
882
882
882
882
881
881
880
880
880
879
879
878
878
878
878
878
877
877
876
876
875
875
875
873
873
873
873
873
872
872
871
871
870
869
869
868
868
868
867
865
865
865
865
863
863
862
862
862
862
861
861
861
861
860
860
860
860
859
859
859
858
858
858
857
857
857
857
857
856
856
856
856
856
855
854
854
854
853
853
853
853
853
853
852
852
851
851
851
850
850
850
850
849
848
848
847
847
846
846
846
844
844
842
842
842
841
840
840
840
839
839
839
837
836
836
835
835
834
834
834
833
833
833
833
833
833
832
832
832
830
829
829
829
829
828
828
827
826
826
826
826
825
825
825
823
823
822
821
821
820
820
819
819
819
819
818
818
818
816
815
815
814
814
814
813
813
813
812
812
811
811
811
811
810
810
808
808
807
807
807
807
806
806
806
805
805
805
805
805
804
804
804
803
802
802
802
802
801
801
801
801
800
800
799
799
799
798
797
797
797
797
797
797
796
796
796
795
795
795
795
794
794
794
794
794
793
793
793
793
791
790
790
790
790
790
789
789
789
788
788
788
787
787
786
786
786
786
784
784
784
784
784
784
784
783
783
782
782
781
781
780
780
780
779
777
777
777
776
776
776
776
776
776
776
775
775
775
775
774
773
773
772
772
771
770
770
769
769
769
768
768
768
768
767
766
766
765
764
764
764
763
763
763
763
763
763
763
763
762
762
761
761
761
761
760
760
759
759
759
759
758
758
757
757
756
756
755
754
754
754
754
754
753
752
752
751
751
751
750
748
748
748
747
747
746
746
746
745
744
744
743
743
743
743
743
743
742
742
742
741
740
740
739
738
738
737
736
736
736
736
735
735
735
735
734
733
733
733
732
732
732
732
730
730
729
729
729
729
729
729
729
728
728
726
726
726
726
725
725
724
724
723
723
723
723
722
722
722
721
721
721
720
720
720
719
719
719
718
718
718
717
716
716
715
715
714
713
713
713
712
712
711
711
711
710
710
710
710
710
710
709
709
708
708
708
708
708
708
707
705
705
705
704
704
704
703
701
701
700
700
699
699
699
699
698
698
697
697
697
696
695
695
694
694
693
693
693
692
691
690
690
690
690
690
689
688
688
686
686
685
685
685
685
684
684
683
683
683
683
683
682
682
682
682
682
681
681
681
681
680
680
679
677
677
677
676
676
676
675
674
674
674
673
673
672
672
671
669
669
669
669
668
667
667
667
666
665
664
664
663
662
662
661
661
661
661
660
660
660
659
659
659
658
658
658
657
657
657
654
653
653
652
652
651
651
651
651
650
649
649
649
648
648
647
647
647
645
645
644
644
644
644
643
643
643
643
641
641
641
641
641
641
640
640
640
639
639
639
639
639
638
638
638
638
637
637
637
636
636
635
634
634
634
634
634
633
633
633
632
632
631
631
631
631
631
631
630
630
630
630
629
629
629
629
628
628
628
628
627
626
626
626
626
626
626
625
625
625
624
624
624
623
623
622
622
621
621
621
620
620
620
620
619
618
618
618
617
617
616
616
614
614
614
613
613
613
613
611
610
610
610
609
608
608
607
606
606
606
605
605
605
604
603
603
603
602
602
601
601
601
600
599
598
596
596
596
596
595
595
594
593
593
593
591
590
590
590
590
590
589
589
589
589
589
589
589
588
587
587
587
587
586
586
585
585
584
584
583
583
582
582
582
581
581
580
579
579
579
578
577
576
574
574
573
573
573
573
572
571
571
571
570
570
570
570
569
569
569
569
569
569
569
569
568
568
567
567
567
567
567
567
566
566
566
566
565
565
564
564
563
563
563
563
563
563
562
562
562
561
560
560
560
560
560
559
559
559
558
557
557
557
556
556
556
555
555
555
555
555
554
554
554
554
553
553
552
552
551
551
551
551
551
550
550
550
549
549
548
548
547
547
546
545
545
544
543
543
542
542
542
542
542
541
541
540
540
540
540
540
540
539
539
539
538
538
538
538
538
537
537
537
536
536
535
535
535
534
534
533
532
532
530
530
530
530
529
529
529
529
528
528
528
528
528
528
528
528
527
526
525
525
525
525
524
524
524
523
523
523
522
522
522
522
521
520
520
519
519
518
518
518
517
516
516
516
515
515
515
514
513
513
513
512
512
511
511
511
510
508
508
507
506
506
506
506
506
506
506
505
505
505
505
504
504
504
503
503
503
502
502
501
500
500
500
500
499
499
499
499
499
499
499
498
498
497
497
497
496
496
496
495
495
494
494
494
493
493
492
492
492
492
492
491
491
491
490
490
490
490
490
489
488
487
487
487
487
486
486
486
486
485
485
485
485
485
484
484
484
483
483
483
483
482
482
481
481
481
480
480
479
478
476
475
475
474
474
472
472
472
472
471
470
470
469
468
468
467
467
466
466
465
465
465
465
464
464
464
463
462
462
461
461
460
460
459
458
458
458
458
457
457
457
456
456
452
451
451
450
450
448
448
448
447
447
447
447
446
446
445
445
444
444
444
444
443
443
443
443
441
441
440
440
440
439
439
439
438
438
437
437
437
437
436
435
435
435
435
434
434
433
433
433
433
433
433
432
432
431
431
430
429
429
428
428
428
428
428
428
428
428
428
428
427
427
426
426
426
425
425
424
423
422
422
422
422
422
422
421
421
421
421
421
421
421
421
418
418
418
418
417
417
417
417
417
416
416
416
415
415
414
414
413
413
412
412
412
412
412
411
410
410
410
410
409
409
408
408
407
407
407
404
404
404
404
403
403
403
401
401
401
400
400
399
399
399
398
398
397
396
396
395
395
394
394
393
393
393
393
392
392
391
391
390
390
388
388
387
386
386
386
386
385
384
383
383
382
382
382
382
382
381
381
379
379
379
379
379
378
378
378
377
377
377
376
376
376
376
375
375
374
373
373
372
371
371
370
370
370
369
369
368
368
368
368
368
368
367
367
367
367
367
366
366
366
366
365
365
364
364
364
364
364
363
363
362
362
361
361
361
360
360
360
358
358
358
358
358
356
356
355
355
355
355
354
354
354
353
353
353
353
353
352
351
351
351
350
350
350
350
349
349
349
349
348
348
348
347
346
346
346
346
345
344
344
343
343
343
343
342
342
342
341
341
340
340
340
340
340
339
339
339
339
339
339
339
338
338
338
337
337
337
336
336
336
335
335
335
335
335
335
334
334
334
334
333
333
332
330
330
329
329
328
328
328
327
326
326
326
325
325
325
325
325
324
324
324
324
324
323
323
321
321
320
320
320
320
320
320
319
319
318
317
317
316
316
315
315
315
314
314
314
314
313
313
313
313
313
312
312
312
311
310
310
309
309
308
308
308
308
306
305
305
305
305
304
304
304
303
303
303
302
302
302
301
301
300
300
300
299
299
299
298
298
297
297
297
297
296
296
295
295
295
295
294
294
294
294
293
293
292
292
292
292
292
292
292
291
291
291
290
290
290
290
289
289
289
289
287
287
287
286
286
286
286
285
285
284
283
283
283
282
282
281
281
281
281
281
280
280
280
280
280
279
279
278
278
277
277
276
275
275
274
273
272
272
271
270
270
270
270
269
269
269
269
267
267
266
266
265
265
264
264
264
263
263
263
262
262
261
260
260
260
260
260
260
259
259
259
258
258
257
257
256
255
255
255
254
254
253
253
253
251
251
251
250
250
250
249
249
248
247
246
245
245
244
244
242
242
241
238
238
238
238
237
237
237
236
236
236
235
235
235
235
234
234
234
233
232
232
232
231
231
231
231
229
229
228
228
228
227
227
227
226
226
226
225
225
225
224
224
223
223
222
221
220
220
220
219
218
218
218
217
217
217
216
216
216
215
214
213
213
213
212
211
211
211
211
210
210
210
210
209
209
209
208
207
207
207
206
205
205
205
205
205
204
204
203
202
202
202
200
200
199
199
198
198
198
198
197
197
197
196
196
195
195
195
194
193
193
192
191
190
190
190
190
189
189
189
188
187
187
187
186
186
186
186
185
184
184
183
183
183
182
181
181
181
181
180
180
179
179
179
179
179
178
177
176
175
174
174
173
173
173
172
172
172
172
172
171
171
171
171
171
170
170
170
169
169
169
168
168
167
166
165
165
165
164
164
164
163
163
162
161
161
161
160
160
159
159
159
159
158
158
158
157
157
157
157
156
156
155
155
155
154
154
154
154
154
154
153
153
152
152
151
151
150
150
149
149
147
147
147
144
144
143
142
142
142
142
142
141
141
141
141
140
140
140
140
139
139
139
139
139
138
137
137
136
136
136
135
135
135
134
134
134
134
134
133
133
133
132
131
131
131
131
131
130
129
129
128
128
128
128
127
127
127
127
127
127
127
126
126
126
125
125
125
124
124
124
124
123
123
123
123
123
122
122
121
120
120
118
117
117
117
117
116
115
115
115
114
114
114
114
112
111
111
111
110
109
109
109
109
108
107
107
107
107
107
107
107
107
106
105
105
104
104
100
100
100
100
100
99
98
98
98
98
97
97
97
97
96
96
96
95
95
95
94
94
94
93
93
92
91
91
90
90
90
90
90
90
89
89
89
89
88
88
88
88
87
87
87
87
86
86
86
86
84
84
84
84
83
83
82
82
82
82
81
81
81
81
81
80
79
78
78
75
74
74
73
72
72
71
71
71
71
71
69
69
69
69
69
69
67
67
67
67
66
63
63
63
62
62
62
62
60
59
59
59
58
58
57
57
57
57
57
57
56
55
55
55
54
53
53
53
53
52
52
52
51
51
50
50
50
49
49
49
49
47
47
46
45
44
43
43
43
43
42
42
42
42
42
42
42
41
40
39
39
38
37
37
37
36
36
36
36
36
35
35
35
34
34
34
33
32
32
31
30
30
30
30
30
29
29
29
28
27
27
26
25
25
24
23
23
23
22
21
21
21
21
21
19
19
18
18
18
17
17
17
17
17
16
15
15
14
14
14
14
13
13
12
12
12
12
11
11
11
11
10
10
10
10
9
9
8
8
8
7
7
6
6
5
4
4
3
3
2
2
2
0
0
0
0
0
0