250
996
996
987
980
965
956
954
936
932
929
928
927
926
925
921
919
917
917
915
914
904
902
895
886
873
871
865
862
862
859
858
857
856
856
846
846
841
840
829
828
818
818
814
810
808
804
802
796
795
793
793
788
786
784
782
777
776
772
771
764
764
763
763
756
754
750
746
743
743
739
736
732
729
729
725
723
715
709
708
690
689
688
683
676
675
669
652
651
649
644
624
622
619
618
613
611
606
601
590
586
586
584
582
570
568
567
567
555
551
545
542
540
539
538
537
530
529
528
526
507
505
505
503
500
499
497
492
492
491
490
488
481
474
470
467
464
456
451
444
443
441
440
437
434
434
432
429
428
426
422
421
421
413
407
404
403
399
395
393
386
383
379
378
373
370
369
368
368
368
367
365
364
362
355
353
350
348
343
340
340
336
335
327
324
324
317
315
313
311
306
305
301
299
286
281
280
276
275
270
245
237
235
229
228
228
227
226
219
211
198
197
193
183
178
172
170
167
149
143
139
135
128
124
124
123
121
117
97
97
94
91
87
84
82
69
67
60
59
58
43
42
34
31
29
27
22
19
12
11
11