500
996
996
996
996
994
993
990
988
987
984
981
980
975
973
972
971
965
964
961
959
958
956
954
949
944
940
939
936
936
933
932
930
929
928
927
926
926
925
924
921
921
920
919
917
917
915
914
908
904
904
902
902
900
899
899
898
895
894
892
890
887
886
884
881
878
873
872
871
868
865
862
862
860
859
858
857
856
856
850
850
846
846
842
841
840
829
829
828
826
819
819
818
818
814
813
811
810
808
808
804
802
801
797
796
795
795
794
793
793
788
788
786
784
784
782
777
776
776
773
772
771
769
764
764
763
763
756
756
754
754
754
753
750
748
746
746
743
743
743
739
736
736
732
732
730
729
729
729
725
723
721
715
713
713
709
708
708
705
699
697
692
690
689
688
686
684
683
682
681
676
675
672
669
668
667
661
660
659
658
652
651
649
648
647
644
640
637
630
629
626
625
624
624
622
621
619
618
613
613
611
606
605
601
600
599
590
590
587
586
586
584
582
581
579
570
569
568
567
567
567
567
556
555
551
550
545
542
542
541
540
539
538
538
537
535
530
529
529
528
528
526
524
522
507
506
505
505
504
504
503
500
500
500
499
498
497
497
492
492
491
490
488
481
474
470
468
467
466
465
464
460
460
456
452
451
445
444
444
443
441
440
437
436
434
434
432
429
429
428
428
426
422
422
421
421
418
416
414
413
412
407
404
403
403
399
396
395
393
390
386
385
383
379
379
379
378
376
373
372
370
369
368
368
368
368
367
367
365
364
363
362
355
353
350
348
348
343
343
342
340
340
340
340
339
336
336
336
335
335
333
327
326
324
324
321
320
317
315
313
311
306
305
305
304
303
303
301
301
299
299
298
292
292
289
286
285
282
281
280
276
275
273
270
269
259
258
255
255
253
249
248
245
238
237
235
232
229
228
228
228
227
226
224
222
219
215
211
210
209
206
205
202
202
199
198
197
193
190
190
189
188
183
179
178
177
172
172
170
167
163
159
157
155
152
151
150
149
144
143
142
139
135
134
133
131
128
127
127
125
124
124
123
121
117
107
97
97
95
94
91
90
87
84
84
84
82
81
71
69
67
62
60
59
58
50
49
46
43
43
42
42
39
36
36
34
33
31
29
28
27
27
22
21
19
12
11
11
9
4
2