750
996
996
996
996
996
994
994
993
993
990
988
987
987
984
982
981
981
980
977
975
973
972
971
970
970
969
967
965
964
963
961
959
958
956
955
954
951
950
949
949
947
946
945
944
943
940
939
936
936
934
933
932
930
929
928
927
926
926
925
925
924
921
921
920
919
919
918
917
917
916
915
914
911
908
904
904
904
904
902
902
900
899
899
898
895
894
892
890
888
887
886
886
884
882
881
878
873
873
873
872
871
868
868
865
862
862
862
860
859
858
858
857
857
857
856
856
856
851
850
850
849
847
846
846
842
841
840
839
836
829
829
828
826
822
819
819
818
818
818
814
814
813
812
811
810
808
808
805
805
805
804
802
801
797
796
796
795
795
794
794
793
793
791
789
788
788
786
784
784
783
782
777
776
776
775
773
772
771
770
769
768
764
764
763
763
763
762
761
759
757
756
756
754
754
754
753
750
748
746
746
744
743
743
743
740
739
736
736
732
732
732
730
729
729
729
729
726
725
723
721
717
715
713
713
713
711
710
710
709
708
708
705
699
699
697
692
691
690
690
689
688
686
685
685
684
683
682
682
681
681
677
677
676
675
672
669
668
667
661
661
660
659
658
652
651
649
648
647
647
644
641
640
639
637
637
633
631
630
629
627
626
626
625
624
624
622
622
621
620
619
618
618
614
614
613
613
611
610
607
606
606
605
604
601
600
599
596
593
593
590
590
589
587
586
586
584
582
581
580
579
578
574
574
573
571
570
569
569
568
567
567
567
567
566
563
560
556
555
552
551
550
545
543
542
542
541
540
539
538
538
537
537
536
535
530
529
529
529
528
528
526
524
524
522
521
518
516
516
512
507
506
505
505
504
504
503
503
500
500
500
499
499
498
497
497
493
492
492
491
491
490
488
486
485
483
483
481
479
478
474
471
470
468
467
466
465
464
462
460
460
459
458
456
452
451
445
444
444
443
441
440
438
437
436
434
434
433
432
431
429
429
428
428
426
425
422
422
421
421
418
417
417
416
414
413
412
412
407
404
404
403
403
399
396
395
393
390
390
388
386
386
385
383
379
379
379
379
378
377
376
375
373
372
370
369
368
368
368
368
367
367
367
365
364
363
363
362
360
358
358
355
355
355
353
350
348
348
346
346
343
343
342
340
340
340
340
339
338
338
336
336
336
335
335
333
328
327
326
325
324
324
321
320
317
315
314
313
312
312
311
309
306
305
305
304
303
303
301
301
299
299
298
294
292
292
292
291
291
290
289
289
286
285
284
282
281
280
276
275
274
273
270
270
269
261
260
259
258
255
255
253
253
250
249
248
245
244
238
237
237
236
235
235
234
233
232
231
231
229
228
228
228
227
226
226
224
222
219
218
217
217
215
214
211
210
209
207
206
205
205
205
202
202
199
198
197
195
193
190
190
190
189
189
188
183
179
179
178
177
176
173
172
172
170
168
167
163
159
157
157
157
155
153
152
151
150
149
144
143
142
139
139
137
135
134
133
131
130
128
127
127
127
126
125
124
124
123
121
120
117
117
115
107
105
100
100
98
97
97
95
94
93
91
90
90
90
88
87
84
84
84
82
81
81
81
80
74
74
73
71
69
67
62
60
59
59
58
57
57
55
54
51
50
49
49
46
43
43
42
42
42
39
36
36
34
33
31
30
30
29
28
27
27
25
23
22
21
21
21
19
18
17
12
11
11
9
6
4
2
2